Ur=[1.4	1.6	1.8	2.0	2.2	2.4	2.5];
D=[	0.15	0.21	0.26	0.29	0.33	0.37	0.39];
Ui=[40	40	40	40	40	40	40];
Uo=[10.5	13.6	16.7	19.7	22.8	25.7	27.2];
Div=[	3.8	2.9	2.4	2.0	1.8	1.6	1.5];